{
 "cells": [
  {
   "cell_type": "markdown",
   "metadata": {},
   "source": [
    "# Assignment I: Numpy"
   ]
  },
  {
   "cell_type": "markdown",
   "metadata": {},
   "source": [
    "Perform the follwing tasks:\n"
   ]
  },
  {
   "cell_type": "code",
   "execution_count": 12,
   "metadata": {},
   "outputs": [],
   "source": [
    "#1: import the numpy library\n",
    "import numpy as np"
   ]
  },
  {
   "cell_type": "code",
   "execution_count": 13,
   "metadata": {},
   "outputs": [
    {
     "data": {
      "text/plain": [
       "array([[0.9808211 , 0.1589114 , 0.07221844, 0.29289933, 0.65513343,\n",
       "        0.65698947, 0.01231679, 0.65458402, 0.92888689, 0.31771102],\n",
       "       [0.37258478, 0.40761305, 0.04598827, 0.21164715, 0.30157051,\n",
       "        0.90088609, 0.7644569 , 0.83998914, 0.013556  , 0.36561257],\n",
       "       [0.5937094 , 0.00675928, 0.10648805, 0.49602118, 0.90294554,\n",
       "        0.45143813, 0.99901168, 0.40917879, 0.4047026 , 0.41391488],\n",
       "       [0.82109095, 0.13065452, 0.13905245, 0.87673089, 0.48683184,\n",
       "        0.57976776, 0.28369693, 0.66041372, 0.04976711, 0.29454154],\n",
       "       [0.90843183, 0.66761541, 0.84768839, 0.096319  , 0.05139835,\n",
       "        0.75883449, 0.39422467, 0.07695471, 0.23141037, 0.84866362],\n",
       "       [0.65197707, 0.78379943, 0.64247508, 0.22156003, 0.83725087,\n",
       "        0.34822256, 0.85136123, 0.10809935, 0.71635658, 0.25571548],\n",
       "       [0.20748773, 0.46070909, 0.36964608, 0.03939377, 0.73815892,\n",
       "        0.40473496, 0.87568826, 0.91904951, 0.54257154, 0.80341283],\n",
       "       [0.96581807, 0.95296955, 0.5571837 , 0.51936818, 0.52179764,\n",
       "        0.62798963, 0.80323203, 0.88079063, 0.95636146, 0.31537908],\n",
       "       [0.07021368, 0.37506318, 0.01333613, 0.87884621, 0.54917412,\n",
       "        0.47159906, 0.72513954, 0.69997354, 0.99015386, 0.85472674],\n",
       "       [0.25188827, 0.06511729, 0.39581521, 0.1401946 , 0.87415932,\n",
       "        0.58324716, 0.96992309, 0.0513818 , 0.44891602, 0.03342842]])"
      ]
     },
     "execution_count": 13,
     "metadata": {},
     "output_type": "execute_result"
    }
   ],
   "source": [
    "#2: create a random 10x10 array named A\n",
    "A = np.random.rand(10,10)\n",
    "A"
   ]
  },
  {
   "cell_type": "code",
   "execution_count": 14,
   "metadata": {},
   "outputs": [
    {
     "data": {
      "text/plain": [
       "array([[0.9808211 , 0.1589114 , 0.07221844, 0.29289933, 0.65513343,\n",
       "        0.65698947, 0.01231679, 0.65458402, 0.92888689, 0.31771102],\n",
       "       [0.5937094 , 0.00675928, 0.10648805, 0.49602118, 0.90294554,\n",
       "        0.45143813, 0.99901168, 0.40917879, 0.4047026 , 0.41391488],\n",
       "       [0.90843183, 0.66761541, 0.84768839, 0.096319  , 0.05139835,\n",
       "        0.75883449, 0.39422467, 0.07695471, 0.23141037, 0.84866362],\n",
       "       [0.20748773, 0.46070909, 0.36964608, 0.03939377, 0.73815892,\n",
       "        0.40473496, 0.87568826, 0.91904951, 0.54257154, 0.80341283],\n",
       "       [0.07021368, 0.37506318, 0.01333613, 0.87884621, 0.54917412,\n",
       "        0.47159906, 0.72513954, 0.69997354, 0.99015386, 0.85472674]])"
      ]
     },
     "execution_count": 14,
     "metadata": {},
     "output_type": "execute_result"
    }
   ],
   "source": [
    "#3: return only the odd rows of A\n",
    "A[::2]"
   ]
  },
  {
   "cell_type": "code",
   "execution_count": 15,
   "metadata": {},
   "outputs": [
    {
     "data": {
      "text/plain": [
       "array([[3.33150646, 1.97297773, 2.41208618, 2.36838059, 2.15856311,\n",
       "        2.48051447, 2.43607463, 3.62051939, 2.71488332, 1.75612433],\n",
       "       [1.97297773, 2.67825019, 2.27706274, 2.10023084, 2.04851763,\n",
       "        2.04987648, 2.6201723 , 3.08910637, 2.42436101, 1.76025888],\n",
       "       [2.41208618, 2.27706274, 3.12958163, 2.33506881, 1.94112895,\n",
       "        2.77439769, 2.83743761, 3.33188207, 2.95567942, 2.49979877],\n",
       "       [2.36838059, 2.10023084, 2.33506881, 2.65825119, 1.92456683,\n",
       "        1.95470295, 2.02953314, 3.01852224, 2.38881654, 1.49828431],\n",
       "       [2.15856311, 2.04851763, 1.94112895, 1.92456683, 3.51239908,\n",
       "        2.71552413, 2.38159803, 3.41269752, 2.09047056, 1.6274214 ],\n",
       "       [2.48051447, 2.04987648, 2.77439769, 1.95470295, 2.71552413,\n",
       "        3.63858527, 2.94055476, 4.05002842, 2.78794775, 2.59705904],\n",
       "       [2.43607463, 2.6201723 , 2.83743761, 2.02953314, 2.38159803,\n",
       "        2.94055476, 3.65352107, 3.79034188, 3.32539886, 2.28242577],\n",
       "       [3.62051939, 3.08910637, 3.33188207, 3.01852224, 3.41269752,\n",
       "        4.05002842, 3.79034188, 5.52286127, 3.8873233 , 2.68529338],\n",
       "       [2.71488332, 2.42436101, 2.95567942, 2.38881654, 2.09047056,\n",
       "        2.78794775, 3.32539886, 3.8873233 , 4.16890153, 2.1380853 ],\n",
       "       [1.75612433, 1.76025888, 2.49979877, 1.49828431, 1.6274214 ,\n",
       "        2.59705904, 2.28242577, 2.68529338, 2.1380853 , 2.49437788]])"
      ]
     },
     "execution_count": 15,
     "metadata": {},
     "output_type": "execute_result"
    }
   ],
   "source": [
    "#4: perform a matrix multiplication of A with it's transposed\n",
    "A.dot(A.T)"
   ]
  },
  {
   "cell_type": "code",
   "execution_count": 20,
   "metadata": {},
   "outputs": [
    {
     "data": {
      "text/plain": [
       "array([[ 0.24780605, -0.08695437,  1.46317579, -0.40404569,  0.26654766,\n",
       "        -0.15109286, -0.41161608,  0.47190535, -0.59680949, -0.87219237],\n",
       "       [ 0.02973183,  1.16060926, -0.66110079,  0.00460153, -0.40594315,\n",
       "         2.18729415, -0.37119   , -0.80110397,  0.25034191, -1.17908147],\n",
       "       [-0.59950332, -1.52306111, -1.23942197,  1.02524   ,  0.47084922,\n",
       "        -1.34017547,  1.04158096,  0.8976527 , -0.32314442,  1.72755176],\n",
       "       [-0.49327055, -0.37092456, -0.35584898,  0.93902295, -0.07477327,\n",
       "        -0.01030791, -0.38251094,  0.11734591,  0.57460993,  0.2484897 ],\n",
       "       [ 0.49736543,  0.25265831, -0.75634869,  0.81824581, -0.58854766,\n",
       "         1.72805135,  0.55119378, -1.53040154, -0.09053915, -0.10591949],\n",
       "       [ 0.47876209,  0.96066241, -1.05138428,  0.04712493,  0.21535576,\n",
       "         0.05678273, -0.53385569, -0.63837607,  0.37542033,  0.89850023],\n",
       "       [-0.65754881,  0.06281948,  1.48767205, -0.86859755,  0.14224141,\n",
       "        -0.76532301, -0.35612571,  0.94677937, -0.12883484, -0.04064353],\n",
       "       [-0.12010677, -0.33007545, -0.35823045,  0.43713528, -0.31181432,\n",
       "        -1.01043394,  0.96206429,  0.82753053, -0.39928192,  0.26105895],\n",
       "       [ 0.37408607, -0.49934055,  0.10487135, -0.78300558,  0.07222491,\n",
       "        -0.73755961, -0.25896381,  0.75518964,  0.38990309,  0.44476423],\n",
       "       [ 0.12227625,  0.00610165,  0.53096201, -0.21609482,  0.5361136 ,\n",
       "         0.27368727,  0.32840696, -0.84214742,  0.35899864, -0.81565714]])"
      ]
     },
     "execution_count": 20,
     "metadata": {},
     "output_type": "execute_result"
    }
   ],
   "source": [
    "#5: compute the matrix inverse of A\n",
    "A_inv = np.linalg.inv(A)\n",
    "A_inv"
   ]
  },
  {
   "cell_type": "code",
   "execution_count": 16,
   "metadata": {},
   "outputs": [
    {
     "data": {
      "text/plain": [
       "array([[0.49041055, 0.1589114 , 0.07221844, 0.29289933, 0.32756671,\n",
       "        0.32849474, 0.01231679, 0.32729201, 0.46444345, 0.31771102],\n",
       "       [0.37258478, 0.40761305, 0.04598827, 0.21164715, 0.30157051,\n",
       "        0.45044304, 0.38222845, 0.41999457, 0.013556  , 0.36561257],\n",
       "       [0.2968547 , 0.00675928, 0.10648805, 0.49602118, 0.45147277,\n",
       "        0.45143813, 0.49950584, 0.40917879, 0.4047026 , 0.41391488],\n",
       "       [0.41054547, 0.13065452, 0.13905245, 0.43836544, 0.48683184,\n",
       "        0.28988388, 0.28369693, 0.33020686, 0.04976711, 0.29454154],\n",
       "       [0.45421592, 0.33380771, 0.42384419, 0.096319  , 0.05139835,\n",
       "        0.37941724, 0.39422467, 0.07695471, 0.23141037, 0.42433181],\n",
       "       [0.32598854, 0.39189971, 0.32123754, 0.22156003, 0.41862544,\n",
       "        0.34822256, 0.42568061, 0.10809935, 0.35817829, 0.25571548],\n",
       "       [0.20748773, 0.46070909, 0.36964608, 0.03939377, 0.36907946,\n",
       "        0.40473496, 0.43784413, 0.45952476, 0.27128577, 0.40170641],\n",
       "       [0.48290903, 0.47648477, 0.27859185, 0.25968409, 0.26089882,\n",
       "        0.31399481, 0.40161602, 0.44039532, 0.47818073, 0.31537908],\n",
       "       [0.07021368, 0.37506318, 0.01333613, 0.43942311, 0.27458706,\n",
       "        0.47159906, 0.36256977, 0.34998677, 0.49507693, 0.42736337],\n",
       "       [0.25188827, 0.06511729, 0.39581521, 0.1401946 , 0.43707966,\n",
       "        0.29162358, 0.48496155, 0.0513818 , 0.44891602, 0.03342842]])"
      ]
     },
     "execution_count": 16,
     "metadata": {},
     "output_type": "execute_result"
    }
   ],
   "source": [
    "#6: divide all entries of A which are lager than 0.5 by 2 (hint: use where() )\n",
    "np.where(A > 0.5, A/2, A)"
   ]
  },
  {
   "cell_type": "code",
   "execution_count": 19,
   "metadata": {},
   "outputs": [
    {
     "data": {
      "text/plain": [
       "array([5.20173673, 1.44224928, 1.34740056, 1.12148846, 1.06680862,\n",
       "       0.78026956, 0.70129953, 0.48544901, 0.25153924, 0.19800997])"
      ]
     },
     "execution_count": 19,
     "metadata": {},
     "output_type": "execute_result"
    }
   ],
   "source": [
    "#7: compute the singular value decomposition of A\n",
    "u,s,v = np.linalg.svd(A)\n",
    "#7.1: plot the singular values\n",
    "s"
   ]
  },
  {
   "cell_type": "code",
   "execution_count": 21,
   "metadata": {},
   "outputs": [
    {
     "data": {
      "text/plain": [
       "array([[ 0.24780605, -0.08695437,  1.46317579, -0.40404569,  0.26654766,\n",
       "        -0.15109286, -0.41161608,  0.47190535, -0.59680949, -0.87219237],\n",
       "       [ 0.02973183,  1.16060926, -0.66110079,  0.00460153, -0.40594315,\n",
       "         2.18729415, -0.37119   , -0.80110397,  0.25034191, -1.17908147],\n",
       "       [-0.59950332, -1.52306111, -1.23942197,  1.02524   ,  0.47084922,\n",
       "        -1.34017547,  1.04158096,  0.8976527 , -0.32314442,  1.72755176],\n",
       "       [-0.49327055, -0.37092456, -0.35584898,  0.93902295, -0.07477327,\n",
       "        -0.01030791, -0.38251094,  0.11734591,  0.57460993,  0.2484897 ],\n",
       "       [ 0.49736543,  0.25265831, -0.75634869,  0.81824581, -0.58854766,\n",
       "         1.72805135,  0.55119378, -1.53040154, -0.09053915, -0.10591949],\n",
       "       [ 0.47876209,  0.96066241, -1.05138428,  0.04712493,  0.21535576,\n",
       "         0.05678273, -0.53385569, -0.63837607,  0.37542033,  0.89850023],\n",
       "       [-0.65754881,  0.06281948,  1.48767205, -0.86859755,  0.14224141,\n",
       "        -0.76532301, -0.35612571,  0.94677937, -0.12883484, -0.04064353],\n",
       "       [-0.12010677, -0.33007545, -0.35823045,  0.43713528, -0.31181432,\n",
       "        -1.01043394,  0.96206429,  0.82753053, -0.39928192,  0.26105895],\n",
       "       [ 0.37408607, -0.49934055,  0.10487135, -0.78300558,  0.07222491,\n",
       "        -0.73755961, -0.25896381,  0.75518964,  0.38990309,  0.44476423],\n",
       "       [ 0.12227625,  0.00610165,  0.53096201, -0.21609482,  0.5361136 ,\n",
       "         0.27368727,  0.32840696, -0.84214742,  0.35899864, -0.81565714]])"
      ]
     },
     "execution_count": 21,
     "metadata": {},
     "output_type": "execute_result"
    }
   ],
   "source": [
    "#7.2: reconstruct A' by using only the top 5 singular values\n",
    "np.dot(v.transpose(),np.dot(np.diag(s**-1),u.transpose()))"
   ]
  },
  {
   "cell_type": "code",
   "execution_count": null,
   "metadata": {},
   "outputs": [],
   "source": []
  }
 ],
 "metadata": {
  "kernelspec": {
   "display_name": "Python 3 (ipykernel)",
   "language": "python",
   "name": "python3"
  },
  "language_info": {
   "codemirror_mode": {
    "name": "ipython",
    "version": 3
   },
   "file_extension": ".py",
   "mimetype": "text/x-python",
   "name": "python",
   "nbconvert_exporter": "python",
   "pygments_lexer": "ipython3",
   "version": "3.9.5"
  }
 },
 "nbformat": 4,
 "nbformat_minor": 4
}
